1
TSLInf	SL
370	169
1	1	abs	0.052245773203051751	2	1	abs	0.33140741444153676	3	1	abs	0.0029148385563992781	4	1	abs	0.32400000000000001	5	1	abs	0.00040000000000000002	
6	1	abs	0.32400000000000001	7	1	abs	0.00040000000000000002	8	1	abs	3.2400000000000002	9	1	abs	1.1899999999999999	10	1	abs	0.34999999999999998	
11	1	abs	-3	12	1	abs	2.0903941970737634	13	1	abs	1.0041928905068678	14	1	abs	0.93893353520148415	21	1	abs	0.048835974920088648	
22	1	abs	0.12148286191185785	23	1	abs	0.04663741690238845	24	1	abs	0.10921426112529131	25	1	abs	2	26	1	abs	0	27	1	abs	331.40741444153679	
28	1	abs	0	29	1	abs	0.26211422670069912	30	1	abs	0.26211422670069912	31	1	abs	0	32	1	abs	0	
51	1	abs	1	52	1	abs	3	53	1	abs	2	54	1	abs	3	55	1	abs	3	
56	1	abs	3	57	1	abs	20	58	1	abs	1	59	1	abs	3	60	1	abs	1	
61	1	abs	4	62	1	abs	1	63	1	abs	1	64	1	abs	0.010948377208555855	
80	1	abs	-1	81	1	abs	0.0030710729561947876	82	1	abs	-1	83	1	abs	0	84	1	abs	0	85	1	abs	0.0064197530864197518	
90	1	abs	9.2340043988975223e-005	91	1	abs	0.00033077626130622315	92	1	abs	0.00035228932496829228	
93	1	abs	0.40199888405264683	94	1	abs	0.83682740875572281	95	1	abs	2.4875690945177782	96	1	abs	1.1949895397031727	97	1	abs	0.011659354225597116	98	1	abs	0.010947358681206262	
100	1	abs	0.00040000000000000002	101	1	abs	0.32400000000000001	102	1	abs	0.32400000000000001	103	1	abs	0.32400000000000001	104	1	abs	0.13024763843305759	
105	1	abs	0.13024763843305759	106	1	abs	0.00040000000000000002	107	1	abs	0.32400000000000001	108	1	abs	0.32400000000000001	109	1	abs	0.00040000000000000002	
110	1	abs	1	111	1	abs	325.61909608264398	112	1	abs	325.61909608264398	113	1	abs	1	114	1	abs	0.32400000000000001	
115	1	abs	0.042200234852310663	116	1	abs	0.00035228932496829228	117	1	abs	0.042200234852310663	118	1	abs	-1	
150	1	abs	0.03749471046662279	151	1	abs	0.12148286191185785	152	1	abs	0.12148286191185785	153	1	abs	0.12148286191185785	154	1	abs	0.048835974920088648	
155	1	abs	0.048835974920088648	156	1	abs	0.03749471046662279	157	1	abs	0.12148286191185785	158	1	abs	0.12148286191185785	159	1	abs	0.03749471046662279	
160	1	abs	1	161	1	abs	21.442010866360544	162	1	abs	21.442010866360544	163	1	abs	1	164	1	abs	0.12148286191185785	
165	1	abs	0.0059327339975480823	166	1	abs	0.0045549647340418272	167	1	abs	0.0059327339975480823	168	1	abs	0.0045549647340418272	
200	1	abs	0.00040000000000000002	201	1	abs	0.32400000000000001	202	1	abs	0.32400000000000001	203	1	abs	0.32400000000000001	204	1	abs	0.27113208043685422	
205	1	abs	0.27113208043685422	206	1	abs	0.00040000000000000002	207	1	abs	0.32400000000000001	208	1	abs	0.32400000000000001	209	1	abs	0.00040000000000000002	
210	1	abs	1	211	1	abs	325.61909608264398	212	1	abs	325.61909608264398	213	1	abs	1	214	1	abs	0.32400000000000001	
215	1	abs	0.087846794061540764	216	1	abs	0.00035228932496829228	217	1	abs	0.087846794061540764	218	1	abs	-1	
250	1	abs	0.03749471046662279	251	1	abs	0.12148286191185785	252	1	abs	0.12148286191185785	253	1	abs	0.12148286191185785	254	1	abs	0.048835974920088648	
255	1	abs	0.048835974920088648	256	1	abs	0.03749471046662279	257	1	abs	0.12148286191185785	258	1	abs	0.12148286191185785	259	1	abs	0.03749471046662279	
260	1	abs	1	261	1	abs	1	262	1	abs	1	263	1	abs	1	264	1	abs	0.12148286191185785	
265	1	abs	0.0059327339975480823	266	1	abs	0.0045549647340418272	267	1	abs	0.0059327339975480823	268	1	abs	0.0045549647340418272	
300	1	abs	0.00040000000000000002	301	1	abs	0.32400000000000001	302	1	abs	0.32400000000000001	303	1	abs	0.32400000000000001	304	1	abs	0.27113208043685422	
305	1	abs	0.27113208043685422	306	1	abs	0.00040000000000000002	307	1	abs	0.32400000000000001	308	1	abs	0.32400000000000001	309	1	abs	1	
310	1	abs	1	311	1	abs	325.61909608264398	312	1	abs	325.61909608264398	313	1	abs	1	314	1	abs	0.32400000000000001	
315	1	abs	0.087846794061540764	316	1	abs	0.00035228932496829228	317	1	abs	0.087846794061540764	318	1	abs	-1	
350	1	abs	0.03749471046662279	351	1	abs	0.12148286191185785	352	1	abs	0.12148286191185785	353	1	abs	0.12148286191185785	354	1	abs	0.048835974920088648	
355	1	abs	0.048835974920088648	356	1	abs	0.03749471046662279	357	1	abs	0.12148286191185785	358	1	abs	0.12148286191185785	359	1	abs	1	
360	1	abs	1	361	1	abs	21.442010866360544	362	1	abs	21.442010866360544	363	1	abs	1	364	1	abs	0.12148286191185785	
365	1	abs	0.0059327339975480823	366	1	abs	0.0045549647340418272	367	1	abs	0.0059327339975480823	368	1	abs	0.0045549647340418272	
