1
TSLInf	SL
370	168
1	1	abs	0.03157193215180423978561	2	1	abs	0.2002683042451734174438	3	1	abs	0.001761426417759013977882	4	1	abs	0.3240000000000000102141	5	1	abs	0.0004000000000000000191687	
6	1	abs	0.3240000000000000102141	7	1	abs	0.0004000000000000000191687	8	1	abs	3.240000000000000213163	9	1	abs	1.189999999999999946709	10	1	abs	0.3499999999999999777955	
11	1	abs	-3	12	1	abs	2.090394197073763393746	13	1	abs	1.004192890506867774647	14	1	abs	0.9389335352014810398558	21	1	abs	0.06282244894022075143436	
22	1	abs	0.1562751824256142785252	23	1	abs	0.02818282268414422364611	24	1	abs	0.06599778376053816453251	25	1	abs	2	26	1	abs	0	27	1	abs	200.2683042451734252154	
28	1	abs	0	29	1	abs	0.1583946810252915837758	30	1	abs	0.1583946810252915837758	31	1	abs	0	32	1	abs	0	
51	1	abs	1	52	1	abs	3	53	1	abs	2	54	1	abs	3	55	1	abs	3	
56	1	abs	3	57	1	abs	20	58	1	abs	1	59	1	abs	3	60	1	abs	1	
61	1	abs	4	62	1	abs	1	63	1	abs	1	64	1	abs	0.01094837720855585533331	
80	1	abs	-1	81	1	abs	0.003071072956194787623163	82	1	abs	-1	83	1	abs	1	84	1	abs	0	
90	1	abs	5.580075525696794920419e-05	91	1	abs	0.0003307762613062220679108	92	1	abs	0.0003522893249682922806043	
93	1	abs	0.4019988840526468321102	94	1	abs	0.8368274087557228124723	95	1	abs	2.487569094517778189868	96	1	abs	1.194989539703172676255	97	1	abs	0.00704570567103605764625	98	1	abs	0.006615449333695008933554	
100	1	abs	0.0004000000000000000191687	101	1	abs	0.3240000000000000102141	102	1	abs	0.3240000000000000102141	103	1	abs	0.3240000000000000102141	104	1	abs	0.1302476384330575887027	
105	1	abs	0.1302476384330575887027	106	1	abs	0.0004000000000000000191687	107	1	abs	0.3240000000000000102141	108	1	abs	0.3240000000000000102141	109	1	abs	1	
110	1	abs	1	111	1	abs	325.619096082643977752	112	1	abs	325.619096082643977752	113	1	abs	1	114	1	abs	0.3240000000000000102141	
115	1	abs	0.04220023485231066268097	116	1	abs	0.0003522893249682922806043	117	1	abs	0.04220023485231066268097	118	1	abs	-1	
150	1	abs	0.04823308099555995848151	151	1	abs	0.1562751824256142785252	152	1	abs	0.1562751824256142785252	153	1	abs	0.1562751824256142785252	154	1	abs	0.06282244894022075143436	
155	1	abs	0.06282244894022075143436	156	1	abs	0.04823308099555995848151	157	1	abs	0.1562751824256142785252	158	1	abs	0.1562751824256142785252	159	1	abs	1	
160	1	abs	1	161	1	abs	35.48260623882093511838	162	1	abs	35.48260623882093511838	163	1	abs	1	164	1	abs	0.1562751824256142785252	
165	1	abs	0.009817589668556836457469	166	1	abs	0.00753763353153056193251	167	1	abs	0.009817589668556836457469	168	1	abs	0.00753763353153056193251	
200	1	abs	0.0004000000000000000191687	201	1	abs	0.3240000000000000102141	202	1	abs	0.3240000000000000102141	203	1	abs	0.3240000000000000102141	204	1	abs	0.2711320804368542169982	
205	1	abs	0.2711320804368542169982	206	1	abs	0.0004000000000000000191687	207	1	abs	0.3240000000000000102141	208	1	abs	0.3240000000000000102141	209	1	abs	1	
210	1	abs	1	211	1	abs	325.619096082643977752	212	1	abs	325.619096082643977752	213	1	abs	1	214	1	abs	0.3240000000000000102141	
215	1	abs	0.08784679406154076442004	216	1	abs	0.0003522893249682922806043	217	1	abs	0.08784679406154076442004	218	1	abs	-1	
250	1	abs	0.04823308099555995848151	251	1	abs	0.1562751824256142785252	252	1	abs	0.1562751824256142785252	253	1	abs	0.1562751824256142785252	254	1	abs	0.06282244894022075143436	
255	1	abs	0.06282244894022075143436	256	1	abs	0.04823308099555995848151	257	1	abs	0.1562751824256142785252	258	1	abs	0.1562751824256142785252	259	1	abs	1	
260	1	abs	1	261	1	abs	1	262	1	abs	1	263	1	abs	1	264	1	abs	0.1562751824256142785252	
265	1	abs	0.009817589668556836457469	266	1	abs	0.00753763353153056193251	267	1	abs	0.009817589668556836457469	268	1	abs	0.00753763353153056193251	
300	1	abs	0.0004000000000000000191687	301	1	abs	0.3240000000000000102141	302	1	abs	0.3240000000000000102141	303	1	abs	0.3240000000000000102141	304	1	abs	0.2711320804368542169982	
305	1	abs	0.2711320804368542169982	306	1	abs	0.0004000000000000000191687	307	1	abs	0.3240000000000000102141	308	1	abs	0.3240000000000000102141	309	1	abs	1	
310	1	abs	1	311	1	abs	325.619096082643977752	312	1	abs	325.619096082643977752	313	1	abs	1	314	1	abs	0.3240000000000000102141	
315	1	abs	0.08784679406154076442004	316	1	abs	0.0003522893249682922806043	317	1	abs	0.08784679406154076442004	318	1	abs	-1	
350	1	abs	0.04823308099555995848151	351	1	abs	0.1562751824256142785252	352	1	abs	0.1562751824256142785252	353	1	abs	0.1562751824256142785252	354	1	abs	0.06282244894022075143436	
355	1	abs	0.06282244894022075143436	356	1	abs	0.04823308099555995848151	357	1	abs	0.1562751824256142785252	358	1	abs	0.1562751824256142785252	359	1	abs	1	
360	1	abs	1	361	1	abs	35.48260623882093511838	362	1	abs	35.48260623882093511838	363	1	abs	1	364	1	abs	0.1562751824256142785252	
365	1	abs	0.009817589668556836457469	366	1	abs	0.00753763353153056193251	367	1	abs	0.009817589668556836457469	368	1	abs	0.00753763353153056193251	
