1
TSLInf	SL
370	168
1	1	abs	0.09290758274854993281622	2	1	abs	0.5893349814356205751409	3	1	abs	0.00518339738843241401578	4	1	abs	0.3240000000000000102141	5	1	abs	0.0004000000000000000191687	
6	1	abs	0.3240000000000000102141	7	1	abs	0.0004000000000000000191687	8	1	abs	3.240000000000000213163	9	1	abs	1.189999999999999946709	10	1	abs	0.3499999999999999777955	
11	1	abs	-3	12	1	abs	2.090394197073763393746	13	1	abs	1.004192890506867774647	14	1	abs	0.9389335352014810398558	21	1	abs	0.03662181479967951958088	
22	1	abs	0.0910992946808365511302	23	1	abs	0.08293435821491862425248	24	1	abs	0.1942134718417192762452	25	1	abs	2	26	1	abs	0	27	1	abs	589.3349814356205342847	
28	1	abs	0	29	1	abs	0.4661123324201262296818	30	1	abs	0.4661123324201262296818	31	1	abs	0	32	1	abs	0	
51	1	abs	1	52	1	abs	3	53	1	abs	2	54	1	abs	3	55	1	abs	3	
56	1	abs	3	57	1	abs	20	58	1	abs	1	59	1	abs	3	60	1	abs	1	
61	1	abs	4	62	1	abs	1	63	1	abs	1	64	1	abs	0.01094837720855585533331	
80	1	abs	-1	81	1	abs	0.003071072956194787623163	82	1	abs	-1	83	1	abs	1	84	1	abs	0	
90	1	abs	0.0001642063989476825265797	91	1	abs	0.0003307762613062220679108	92	1	abs	0.0003522893249682922806043	
93	1	abs	0.4019988840526468321102	94	1	abs	0.8368274087557228124723	95	1	abs	2.487569094517778189868	96	1	abs	1.194989539703172676255	97	1	abs	0.02073358955372966300201	98	1	abs	0.01946746253709989021852	
100	1	abs	0.0004000000000000000191687	101	1	abs	0.3240000000000000102141	102	1	abs	0.3240000000000000102141	103	1	abs	0.3240000000000000102141	104	1	abs	0.1302476384330575887027	
105	1	abs	0.1302476384330575887027	106	1	abs	0.0004000000000000000191687	107	1	abs	0.3240000000000000102141	108	1	abs	0.3240000000000000102141	109	1	abs	1	
110	1	abs	1	111	1	abs	325.619096082643977752	112	1	abs	325.619096082643977752	113	1	abs	1	114	1	abs	0.3240000000000000102141	
115	1	abs	0.04220023485231066268097	116	1	abs	0.0003522893249682922806043	117	1	abs	0.04220023485231066268097	118	1	abs	-1	
150	1	abs	0.02811706625951745225356	151	1	abs	0.0910992946808365511302	152	1	abs	0.0910992946808365511302	153	1	abs	0.0910992946808365511302	154	1	abs	0.03662181479967951958088	
155	1	abs	0.03662181479967951958088	156	1	abs	0.02811706625951745225356	157	1	abs	0.0910992946808365511302	158	1	abs	0.0910992946808365511302	159	1	abs	1	
160	1	abs	1	161	1	abs	12.05772880533505286849	162	1	abs	12.05772880533505286849	163	1	abs	1	164	1	abs	0.0910992946808365511302	
165	1	abs	0.003336221498183025539752	166	1	abs	0.002561444904736386897481	167	1	abs	0.003336221498183025539752	168	1	abs	0.002561444904736386897481	
200	1	abs	0.0004000000000000000191687	201	1	abs	0.3240000000000000102141	202	1	abs	0.3240000000000000102141	203	1	abs	0.3240000000000000102141	204	1	abs	0.2711320804368542169982	
205	1	abs	0.2711320804368542169982	206	1	abs	0.0004000000000000000191687	207	1	abs	0.3240000000000000102141	208	1	abs	0.3240000000000000102141	209	1	abs	1	
210	1	abs	1	211	1	abs	325.619096082643977752	212	1	abs	325.619096082643977752	213	1	abs	1	214	1	abs	0.3240000000000000102141	
215	1	abs	0.08784679406154076442004	216	1	abs	0.0003522893249682922806043	217	1	abs	0.08784679406154076442004	218	1	abs	-1	
250	1	abs	0.02811706625951745225356	251	1	abs	0.0910992946808365511302	252	1	abs	0.0910992946808365511302	253	1	abs	0.0910992946808365511302	254	1	abs	0.03662181479967951958088	
255	1	abs	0.03662181479967951958088	256	1	abs	0.02811706625951745225356	257	1	abs	0.0910992946808365511302	258	1	abs	0.0910992946808365511302	259	1	abs	1	
260	1	abs	1	261	1	abs	1	262	1	abs	1	263	1	abs	1	264	1	abs	0.0910992946808365511302	
265	1	abs	0.003336221498183025539752	266	1	abs	0.002561444904736386897481	267	1	abs	0.003336221498183025539752	268	1	abs	0.002561444904736386897481	
300	1	abs	0.0004000000000000000191687	301	1	abs	0.3240000000000000102141	302	1	abs	0.3240000000000000102141	303	1	abs	0.3240000000000000102141	304	1	abs	0.2711320804368542169982	
305	1	abs	0.2711320804368542169982	306	1	abs	0.0004000000000000000191687	307	1	abs	0.3240000000000000102141	308	1	abs	0.3240000000000000102141	309	1	abs	1	
310	1	abs	1	311	1	abs	325.619096082643977752	312	1	abs	325.619096082643977752	313	1	abs	1	314	1	abs	0.3240000000000000102141	
315	1	abs	0.08784679406154076442004	316	1	abs	0.0003522893249682922806043	317	1	abs	0.08784679406154076442004	318	1	abs	-1	
350	1	abs	0.02811706625951745225356	351	1	abs	0.0910992946808365511302	352	1	abs	0.0910992946808365511302	353	1	abs	0.0910992946808365511302	354	1	abs	0.03662181479967951958088	
355	1	abs	0.03662181479967951958088	356	1	abs	0.02811706625951745225356	357	1	abs	0.0910992946808365511302	358	1	abs	0.0910992946808365511302	359	1	abs	1	
360	1	abs	1	361	1	abs	12.05772880533505286849	362	1	abs	12.05772880533505286849	363	1	abs	1	364	1	abs	0.0910992946808365511302	
365	1	abs	0.003336221498183025539752	366	1	abs	0.002561444904736386897481	367	1	abs	0.003336221498183025539752	368	1	abs	0.002561444904736386897481	
